0x0000 : 02 90 09 01 b4 00 02 02 90 03 70 04 01 03 02 90 09 01 b9 00 04 02 90 00 00 00 00 07 09 01 ff 09 01 fc 01 00 00 00 00 01 00 00 00 00 01 00 00 00 00 01 00 00 00 00 01 00 00 00 00 01 00 00 00 00 
0x0040 : 01 00 00 00 00 01 00 00 00 00 01 00 00 00 00 01 00 00 00 00 01 00 00 00 00 01 00 00 00 00 01 00 00 00 00 01 00 00 00 00 01 00 00 00 00 01 00 00 00 00 01 00 00 00 00 01 00 00 00 00 01 00 00 00 
0x0080 : 00 01 00 00 00 00 01 00 00 00 00 01 00 00 00 00 01 00 00 00 00 01 00 00 00 00 01 00 00 00 00 01 00 00 00 00 01 00 00 00 00 01 00 00 00 00 01 00 00 00 00 01 00 00 00 00 01 00 00 00 00 01 00 00 
0x00c0 : 00 00 01 00 00 00 00 01 00 00 00 00 01 00 00 00 00 01 00 00 00 00 01 00 00 00 00 01 00 00 00 00 01 00 00 00 00 01 00 00 00 00 01 00 00 00 00 01 00 00 00 00 01 00 00 00 00 01 00 00 00 00 01 00 
0x0100 : 00 00 00 01 00 00 00 00 01 00 00 00 00 01 00 00 00 00 01 00 00 00 00 01 00 00 00 00 01 00 00 00 00 01 00 00 00 00 01 00 00 00 00 01 00 00 00 00 01 00 00 00 00 01 00 00 00 00 01 00 00 00 00 01 
0x0140 : 00 00 00 00 01 00 00 00 00 01 00 00 00 00 01 00 00 00 00 01 00 00 00 00 01 00 00 00 00 01 00 00 00 00 01 00 00 00 00 01 00 00 00 00 01 00 00 00 00 01 00 00 00 00 01 00 00 00 00 01 00 00 00 00 
0x0180 : 01 00 00 00 00 01 00 00 00 00 01 00 00 00 00 01 00 00 00 00 01 00 00 00 00 01 00 00 00 00 01 00 00 00 00 01 00 00 00 00 01 00 00 00 00 01 00 00 00 00 01 00 00 00 00 01 00 00 00 00 01 00 00 00 
0x01c0 : 00 01 00 00 00 00 01 00 00 00 00 01 00 00 00 00 01 00 00 00 00 01 00 00 00 00 01 00 00 00 00 01 00 00 00 00 01 00 00 00 00 01 00 00 00 00 01 00 00 00 00 01 00 00 00 00 01 00 00 00 00 01 00 00 
0x0200 : 00 00 01 00 00 00 00 01 00 00 00 00 01 00 00 00 00 01 00 00 00 00 01 00 00 00 00 09 00 76 01 00 00 00 00 01 00 00 00 00 01 00 00 00 00 01 00 00 00 00 01 00 00 00 00 01 00 00 00 00 01 00 00 00 
0x0240 : 00 01 00 00 00 00 01 00 00 00 00 01 00 00 00 00 01 00 00 00 00 01 00 00 00 00 01 00 00 00 00 01 00 00 00 00 01 00 00 00 00 01 00 00 00 00 01 00 00 00 00 01 00 00 00 00 01 00 00 00 00 01 00 00 
0x0280 : 00 00 01 00 00 00 00 01 00 00 00 00 01 00 00 00 00 03 70 04 01 ff 03 70 03 01 f8 03 70 02 01 f8 09 01 ee 00 00 00 00 00 00 00 00 00 00 00 00 00 00 00 00 00 00 00 00 00 00 00 00 00 00 00 00 00 
0x02c0 : 00 00 00 00 00 00 00 00 00 00 00 00 00 00 00 00 00 00 00 00 00 00 00 00 00 00 00 00 00 00 00 00 00 00 00 00 00 00 00 00 00 00 00 00 00 00 00 00 00 00 00 00 00 00 00 00 00 00 00 00 00 00 00 00 
0x0300 : 00 00 00 00 00 00 00 00 00 00 00 00 00 00 00 00 00 00 00 00 00 00 00 00 00 00 00 00 00 00 00 00 00 00 00 00 00 00 00 00 00 00 00 00 00 00 00 00 00 00 00 00 00 00 00 00 00 00 00 00 00 00 00 00 
0x0340 : 00 00 00 00 00 00 00 00 00 00 00 00 00 00 00 00 00 00 00 00 00 00 00 00 00 00 00 00 00 00 00 00 00 00 00 00 00 00 00 00 00 00 00 00 00 00 00 00 00 00 00 00 00 00 00 00 00 00 00 00 00 00 00 00 
0x0380 : 00 00 00 00 00 00 00 00 00 00 00 00 00 00 00 00 00 00 00 00 00 00 00 00 00 00 00 00 00 00 00 00 00 00 00 00 00 00 00 00 00 00 00 00 00 00 00 00 00 00 00 00 00 00 00 00 00 00 00 00 00 00 00 00 
0x03c0 : 00 00 00 00 00 00 00 00 00 00 00 00 00 00 00 00 00 00 00 00 00 00 00 00 00 00 00 00 00 00 00 00 00 00 00 00 00 00 00 00 00 00 00 00 00 00 00 00 00 00 00 00 00 00 00 00 00 00 00 00 00 00 00 00 
0x0400 : 00 00 00 00 00 00 00 00 00 00 00 00 00 00 00 00 00 00 00 00 00 00 00 00 00 00 00 00 00 00 00 00 00 00 00 00 00 00 00 00 00 00 00 00 00 00 00 00 00 00 00 00 00 00 00 00 00 00 00 00 00 00 00 00 
0x0440 : 00 00 00 00 00 00 00 00 00 00 00 00 00 00 00 00 00 00 00 00 00 00 00 00 00 00 00 00 00 00 00 00 00 00 00 00 00 00 00 00 00 00 00 00 00 00 00 00 00 00 00 00 00 00 00 00 00 00 00 00 00 00 00 00 
0x0480 : 00 00 00 00 00 00 00 00 00 00 00 00 00 00 03 70 04 01 b9 09 01 b4 00 00 00 00 00 00 00 00 00 00 00 00 00 00 00 00 00 00 00 00 00 00 00 00 00 00 00 00 00 00 00 00 00 00 00 00 00 00 00 00 00 00 
0x04c0 : 00 00 00 00 00 00 00 00 00 00 00 00 00 00 00 00 00 00 00 00 00 00 00 00 00 00 00 00 00 00 00 00 00 00 00 00 00 00 00 00 00 00 00 00 00 00 00 00 00 00 00 00 00 00 00 00 00 00 00 00 00 00 00 00 
0x0500 : 00 00 00 00 00 00 00 00 00 00 00 00 00 00 00 00 00 00 00 00 00 00 00 00 00 00 00 00 00 00 00 00 00 00 00 00 00 00 00 00 00 00 00 00 00 00 00 00 00 00 00 00 00 00 00 00 00 00 00 00 00 00 00 00 
0x0540 : 00 00 00 00 00 00 00 00 00 00 00 00 00 00 00 00 00 00 00 00 00 00 00 00 00 00 00 00 00 00 00 00 00 00 00 00 00 00 00 00 00 00 00 00 00 00 00 00 00 00 00 00 00 00 00 00 00 00 00 00 00 00 00 00 
0x0580 : 00 00 00 00 00 00 00 00 00 00 00 00 00 00 00 00 00 00 00 00 00 00 00 00 00 00 00 00 00 00 00 00 00 00 00 00 00 00 00 00 00 00 00 00 00 00 00 00 00 00 00 00 00 00 00 00 00 00 00 00 00 00 00 00 
0x05c0 : 00 00 00 00 00 00 00 00 00 00 00 00 00 00 00 00 00 00 00 00 00 00 00 00 00 00 00 00 00 00 00 00 00 00 00 00 00 00 00 00 00 00 00 00 00 00 00 00 00 00 00 00 00 00 00 00 00 00 00 00 00 00 00 00 
0x0600 : 00 00 00 00 00 00 00 00 00 00 00 00 00 00 00 00 00 00 00 00 00 00 00 00 00 00 00 00 00 00 00 00 00 00 00 00 00 00 00 00 00 00 00 00 00 00 00 00 00 00 00 00 00 00 00 00 00 00 00 00 00 00 00 00 
0x0640 : 00 00 00 00 00 00 00 09 01 b9 00 00 00 00 00 00 00 00 00 00 00 00 00 00 00 00 00 00 00 00 00 00 00 00 00 00 00 00 00 00 00 00 00 00 00 00 00 00 00 00 00 00 00 00 00 00 00 00 00 00 00 00 00 00 
0x0680 : 00 00 00 00 00 00 00 00 00 00 00 00 00 00 00 00 00 00 00 00 00 00 00 00 00 00 00 00 00 00 00 00 00 00 00 00 00 00 00 00 00 00 00 00 00 00 00 00 00 00 00 00 00 00 00 00 00 00 00 00 00 00 00 00 
0x06c0 : 00 00 00 00 00 00 00 00 00 00 00 00 00 00 00 00 00 00 00 00 00 00 00 00 00 00 00 00 00 00 00 00 00 00 00 00 00 00 00 00 00 00 00 00 00 00 00 00 00 00 00 00 00 00 00 00 00 00 00 00 00 00 00 00 
0x0700 : 00 00 00 00 00 00 00 00 00 00 00 00 00 00 00 00 00 00 00 00 00 00 00 00 00 00 00 00 00 00 00 00 00 00 00 00 00 00 00 00 00 00 00 00 00 00 00 00 00 00 00 00 00 00 00 00 00 00 00 00 00 00 00 00 
0x0740 : 00 00 00 00 00 00 00 00 00 00 00 00 00 00 00 00 00 00 00 00 00 00 00 00 00 00 00 00 00 00 00 00 00 00 00 00 00 00 00 00 00 00 00 00 00 00 00 00 00 00 00 00 00 00 00 00 00 00 00 00 00 00 00 00 
0x0780 : 00 00 00 00 00 00 00 00 00 00 00 00 00 00 00 00 00 00 00 00 00 00 00 00 00 00 00 00 00 00 00 00 00 00 00 00 00 00 00 00 00 00 00 00 00 00 00 00 00 00 00 00 00 00 00 00 00 00 00 00 00 00 00 00 
0x07c0 : 00 00 00 00 00 00 00 00 00 00 00 00 00 00 00 00 00 00 00 00 00 00 00 00 00 00 00 00 00 00 00 00 00 00 00 00 00 00 00 00 00 00 00 00 00 00 00 00 00 00 00 00 00 00 00 00 00 00 00 00 00 00 00 00 
0x0800 : 00 09 ff f2 13 00 01 02 90 03 70 03 01 03 03 70 03 01 c2 01 ff ff ff fe 0c 01 ae 03 70 03 01 ba 03 70 03 01 ba 03 70 03 01 ba 03 70 03 01 ba 03 70 03 01 ba 03 70 03 01 ba 03 70 03 01 ba 03 70 
0x0840 : 03 01 ba 03 70 03 01 ba 03 70 03 01 ba 03 70 03 01 ba 03 70 03 01 ba 03 70 03 01 ba 03 70 03 01 ba 03 70 03 01 ba 03 70 03 01 ba 03 70 03 01 ba 03 70 03 01 ba 03 70 03 01 ba 03 70 03 01 ba 03 
0x0880 : 70 03 01 ba 03 70 03 01 ba 03 70 03 01 ba 03 70 03 01 ba 03 70 03 01 ba 03 70 03 01 ba 03 70 03 01 ba 03 70 03 01 ba 03 70 03 01 ba 03 70 03 01 ba 03 70 03 01 ba 03 70 03 01 ba 03 70 03 01 ba 
0x08c0 : 03 70 03 01 ba 03 70 03 01 ba 03 70 03 01 ba 03 70 03 01 ba 03 70 03 01 ba 03 70 03 01 ba 03 70 03 01 ba 03 70 03 01 ba 03 70 03 01 ba 03 70 03 01 ba 03 70 03 01 ba 03 70 03 01 ba 03 70 03 01 
0x0900 : ba 03 70 03 01 ba 03 70 03 01 ba 03 70 03 01 ba 03 70 03 01 ba 03 70 03 01 ba 02 90 00 09 ff f2 08 0b 68 08 fe df 00 00 00 09 ff f2 38 00 01 0b 68 08 ff f9 00 00 0b 68 ff ff ff fe 01 0b 68 01 
0x0940 : ff f9 00 02 0b 68 ff ff ff fe 01 0b 68 01 ff f9 00 02 0b 68 ff ff ff fe 01 0b 68 01 ff f9 00 02 01 ff ff ff ff 09 ff fb 01 ff ff ff ff 09 ff fb 06 a4 00 00 00 00 00 00 00 00 09 01 ff ff ff ff 
0x0980 : 0c ff fb 01 ff ff fc 18 0c ff d8 01 ff ff fc 18 0c ff d8 01 ff ff fc 18 0c 00 0b 01 ff ff fc 18 09 ff db 01 ff ff ff ff 09 fe 6b 00 00 00 00 00 00 00 00 00 00 00 00 00 00 00 00 00 00 00 00 00 
0x09c0 : 00 00 00 00 00 00 00 00 00 00 00 00 00 00 00 00 03 70 03 01 00 03 70 03 01 00 03 70 03 01 00 03 70 03 01 00 03 70 03 01 00 03 70 03 01 00 03 70 03 01 00 03 70 03 01 00 03 70 03 01 00 03 70 03 
0x0a00 : 01 00 03 70 03 01 00 03 70 03 01 00 03 70 03 01 00 03 70 03 01 00 03 70 03 01 00 03 70 03 01 00 03 70 03 01 00 03 70 03 01 00 03 70 03 01 00 03 70 03 01 00 03 70 03 01 00 03 70 03 01 00 03 70 
0x0a40 : 03 01 00 03 70 03 01 00 03 70 03 01 00 03 70 03 01 00 03 70 03 01 00 03 70 03 01 00 03 70 03 01 00 03 70 03 01 00 03 70 03 01 00 03 70 03 01 00 03 70 03 01 00 03 70 03 01 00 03 70 03 01 00 03 
0x0a80 : 70 03 01 00 03 70 03 01 00 03 70 03 01 00 03 70 03 01 00 03 70 03 01 00 03 70 03 01 00 03 70 03 01 00 03 70 03 01 00 03 70 03 01 00 03 70 03 01 00 03 70 03 01 00 03 70 03 01 00 03 70 03 01 00 
0x0ac0 : 03 70 03 01 00 03 70 03 01 00 03 70 03 01 00 03 70 03 01 01 00 03 70 03 01 00 03 70 03 01 00 03 70 03 01 00 03 70 03 01 00 03 70 03 01 00 03 70 03 01 00 03 70 03 01 00 03 70 03 01 00 03 70 03 
0x0b00 : 01 00 03 70 03 01 00 03 70 03 01 00 03 70 03 01 00 03 70 03 01 00 03 70 03 01 00 03 70 03 01 00 03 70 03 01 00 03 70 03 01 00 03 70 03 01 00 03 70 03 01 00 03 70 03 01 00 03 70 03 01 00 03 70 
0x0b40 : 03 01 00 03 70 03 01 00 03 70 03 01 00 03 70 03 01 00 03 70 03 01 00 03 70 03 01 00 03 70 03 01 00 03 70 03 01 00 03 70 03 01 00 03 70 03 01 00 03 70 03 01 00 03 70 03 01 00 03 70 03 01 00 03 
0x0b80 : 70 03 01 00 03 70 03 01 00 03 70 03 01 00 03 70 03 01 00 03 70 03 01 00 03 70 03 01 00 03 70 03 01 00 03 70 03 01 00 03 70 03 01 00 03 70 03 01 00 03 70 03 01 00 03 70 03 01 00 03 70 03 01 00 
0x0bc0 : 03 70 03 01 00 03 70 03 01 00 03 70 03 01 00 00 03 70 03 01 00 03 70 03 01 00 03 70 03 01 00 03 70 03 01 00 03 70 03 01 00 03 70 03 01 00 03 70 03 01 00 03 70 03 01 00 03 70 03 01 00 03 70 03 
0x0c00 : 01 00 03 70 03 01 00 03 70 03 01 00 03 70 03 01 00 03 70 03 01 00 03 70 03 01 00 03 70 03 01 00 03 70 03 01 00 03 70 03 01 00 03 70 03 01 00 03 70 03 01 00 03 70 03 01 00 03 70 03 01 00 03 70 
0x0c40 : 03 01 00 03 70 03 01 00 03 70 03 01 00 03 70 03 01 00 03 70 03 01 00 03 70 03 01 00 03 70 03 01 00 03 70 03 01 00 03 70 03 01 00 03 70 03 01 00 03 70 03 01 00 03 70 03 01 00 03 70 03 01 00 03 
0x0c80 : 70 03 01 00 03 70 03 01 00 03 70 03 01 00 03 70 03 01 00 03 70 03 01 00 03 70 03 01 00 03 70 03 01 00 03 70 03 01 00 03 70 03 01 00 03 70 03 01 00 03 70 03 01 00 03 70 03 01 00 03 70 03 01 00 
0x0cc0 : 03 70 03 01 00 03 70 03 01 00 03 70 03 01 00 00 03 70 03 01 00 03 70 03 01 00 03 70 03 01 00 03 70 03 01 00 03 70 03 01 00 03 70 03 01 00 03 70 03 01 00 03 70 03 01 00 03 70 03 01 00 03 70 03 
0x0d00 : 01 00 03 70 03 01 00 03 70 03 01 00 03 70 03 01 00 03 70 03 01 00 03 70 03 01 00 03 70 03 01 00 03 70 03 01 00 03 70 03 01 00 03 70 03 01 00 03 70 03 01 00 03 70 03 01 00 03 70 03 01 00 03 70 
0x0d40 : 03 01 00 03 70 03 01 00 03 70 03 01 00 03 70 03 01 00 03 70 03 01 00 03 70 03 01 00 03 70 03 01 00 03 70 03 01 00 03 70 03 01 00 03 70 03 01 00 03 70 03 01 00 03 70 03 01 00 03 70 03 01 00 03 
0x0d80 : 70 03 01 00 03 70 03 01 00 03 70 03 01 00 03 70 03 01 00 03 70 03 01 00 03 70 03 01 00 03 70 03 01 00 03 70 03 01 00 03 70 03 01 00 03 70 03 01 00 03 70 03 01 00 03 70 03 01 00 03 70 03 01 00 
0x0dc0 : 03 70 03 01 00 03 70 03 01 00 03 70 03 01 00 00 03 70 03 01 00 03 70 03 01 00 03 70 03 01 00 03 70 03 01 00 03 70 03 01 00 03 70 03 01 00 03 70 03 01 00 03 70 03 01 00 03 70 03 01 00 03 70 03 
0x0e00 : 01 00 03 70 03 01 00 03 70 03 01 00 03 70 03 01 00 03 70 03 01 00 03 70 03 01 00 03 70 03 01 00 03 70 03 01 00 03 70 03 01 00 03 70 03 01 00 03 70 03 01 00 03 70 03 01 00 03 70 03 01 00 03 70 
0x0e40 : 03 01 00 03 70 03 01 00 03 70 03 01 00 03 70 03 01 00 03 70 03 01 00 03 70 03 01 00 03 70 03 01 00 03 70 03 01 00 03 70 03 01 00 03 70 03 01 00 03 70 03 01 00 03 70 03 01 00 03 70 03 01 00 03 
0x0e80 : 70 03 01 00 03 70 03 01 00 03 70 03 01 00 03 70 03 01 00 03 70 03 01 00 03 70 03 01 00 03 70 03 01 00 03 70 03 01 00 03 70 03 01 00 03 70 03 01 00 03 70 03 01 00 03 70 03 01 00 03 70 03 01 00 
0x0ec0 : 03 70 03 01 00 03 70 03 01 00 03 70 03 01 00 00 03 70 03 01 00 03 70 03 01 00 03 70 03 01 00 03 70 03 01 00 03 70 03 01 00 03 70 03 01 00 03 70 03 01 00 03 70 03 01 00 03 70 03 01 00 03 70 03 
0x0f00 : 01 00 03 70 03 01 00 03 70 03 01 00 03 70 03 01 00 03 70 03 01 00 03 70 03 01 00 03 70 03 01 00 03 70 03 01 00 03 70 03 01 00 03 70 03 01 00 03 70 03 01 00 03 70 03 01 00 03 70 03 01 00 03 70 
0x0f40 : 03 01 00 03 70 03 01 00 00 00 00 00 00 00 00 00 00 00 00 00 00 00 00 00 00 00 00 00 00 00 00 00 00 00 00 00 00 00 00 00 00 00 00 00 00 00 00 00 00 00 00 00 00 00 00 00 00 00 00 00 00 00 00 00 
0x0f80 : 00 00 00 00 00 00 00 00 00 00 00 00 00 00 00 00 00 00 00 00 00 00 00 00 00 00 00 00 00 00 00 00 00 00 00 00 00 00 00 00 00 00 00 00 00 00 00 00 00 00 00 00 00 00 00 00 00 00 00 00 00 00 00 00 
0x0fc0 : 00 00 00 00 00 00 00 00 00 00 00 00 00 00 00 00 00 00 00 00 00 00 00 00 00 00 00 00 00 00 00 00 00 00 00 00 00 00 00 00 00 00 00 00 00 00 00 00 00 00 00 00 00 00 00 00 00 00 00 00 00 00 00 00 
